0.32106626506 0.0392168674699 1.20481927711e-05 0.0 0.00234337349398 0.0725421686747 0.00103012048193 0.0 0.0 0.000198795180723 0.000120481927711 0.0 0.0 0.0 0.0 0.0 0.00171686746988 0.00109638554217 0.0 0.0 0.00135542168675 0.130662650602 0.0523012048193 6.02409638554e-06 0.0 0.000921686746988 0.0704277108434 0.00119277108434 0.0 0.0 0.0 2.40963855422e-05 7.22891566265e-05 5.42168674699e-05 0.0 0.0 0.000180722891566 0.00225903614458 0.000289156626506 0.0 4.21686746988e-05 0.00244578313253 0.0704337349398 0.0318734939759 0.0 6.02409638554e-06 0.000168674698795 0.013813253012 0.0 0.0 0.0 0.0 0.0 0.000132530120482 0.0 0.0 0.0 0.151463855422 0.00548192771084 0.000198795180723 0.0 0.00039156626506 0.00228915662651 0.0221686746988
0.239178666667 0.0933866666667 0.0 0.0 0.000154666666667 0.139285333333 0.028256 0.0 0.0 0.0 0.0 0.0 0.0 0.0 0.0 0.0 0.0 0.000170666666667 0.0 0.0 0.0 0.0938613333333 0.190250666667 0.0 0.0 1.06666666667e-05 0.0599573333333 0.0434933333333 0.0 0.0 0.0 0.0 0.0 0.0 0.0 0.0 0.0 5.33333333333e-06 6.4e-05 0.0 0.0 0.0 0.019536 0.0792 0.0 0.0 0.0 0.0108053333333 0.0 0.0 0.0 0.0 0.0 0.0 0.0 0.0 0.0 0.0 0.0 2.66666666667e-05 0.0 0.0 5.33333333333e-06 0.002352
0.282085333333 0.002912 0.0 0.0 0.00256 0.00925866666667 0.0 0.0 0.0 0.0 0.0 0.0 0.0 0.0 0.0 0.0 0.00169066666667 0.00197866666667 0.0 0.0 0.000490666666667 0.251648 0.003248 0.0 0.0 0.000234666666667 0.00162666666667 0.0 0.0 0.0 0.0 0.0 0.0 0.0 0.0 0.0 0.0 0.00320533333333 0.00568533333333 0.0 0.0 0.000202666666667 0.148976 0.00145066666667 0.0 0.0 2.13333333333e-05 0.000128 0.0 0.0 0.0 0.0 0.0 0.0 0.0 0.0 0.0 0.0 0.0109333333333 0.0172586666667 0.0 0.0 7.46666666667e-05 0.254330666667
0.928648648649 0.0255855855856 0.0 0.0 0.000162162162162 0.0223903903904 0.0 0.0 0.0 0.0 0.0 0.0 0.0 0.0 0.0 0.0 0.000276276276276 1.2012012012e-05 0.0 0.0 0.00024024024024 0.00304504504505 0.000192192192192 0.0 0.0 3.003003003e-05 0.000768768768769 6.60660660661e-05 0.0 0.0 0.0 0.0 0.0 0.0 0.0 0.0 0.0 2.4024024024e-05 6.00600600601e-06 0.0 0.0 1.2012012012e-05 0.00115315315315 0.000414414414414 0.0 0.0 2.4024024024e-05 0.00138138138138 0.0 0.0 0.0 0.0 0.0 0.0 0.0 0.0 0.0 0.0 1.8018018018e-05 0.0 0.0 0.0 6.00600600601e-06 0.0155435435435
0.137008403361 0.00839775910364 0.000218487394958 0.0 0.00126610644258 0.00634173669468 0.000392156862745 0.0 0.0 0.0 2.80112044818e-05 0.0 0.0 0.0 0.0 0.0 0.00126050420168 0.000257703081232 0.0 0.0 0.000924369747899 0.0334453781513 0.00812885154062 0.000252100840336 0.0 5.04201680672e-05 0.00281232492997 0.000201680672269 0.0 0.0 0.0 0.0 0.0 0.0 0.0 0.0 0.0 0.00139495798319 0.000386554621849 1.12044817927e-05 0.0 0.000487394957983 0.0309131652661 0.00273389355742 0.0 0.0 6.16246498599e-05 0.00100280112045 0.0 0.0 0.0 0.0 0.0 0.0 0.0 0.0 0.0 0.0 0.00370308123249 0.000582633053221 0.0 0.0 0.000840336134454 0.756896358543
0.0814773333333 0.0212053333333 5.33333333333e-06 0.0 0.001184 0.0219466666667 8.53333333333e-05 0.0 0.0 0.0 0.0 0.0 0.0 0.0 0.0 0.0 0.0223306666667 0.006224 1.6e-05 0.0 0.00753066666667 0.147829333333 0.0143146666667 5.33333333333e-05 0.0 0.000261333333333 0.0118133333333 0.000149333333333 0.0 0.0 0.0 5.33333333333e-06 0.0 0.0 0.0 0.0 0.047392 0.130581333333 0.00482666666667 0.0 0.0 0.0540426666667 0.150490666667 0.009888 0.0 0.0 1.6e-05 0.002272 0.0 0.0 0.0 0.0 0.0 0.0 0.0 0.0 0.0 0.00407466666667 0.231125333333 0.00144 0.0 0.0 0.00409066666667 0.023328
0.04472 0.0332693333333 3.73333333333e-05 0.0 0.006496 0.0293013333333 0.000624 0.0 0.0 0.0 0.0 0.0 0.0 0.0 0.0 0.0 0.00333333333333 0.00162666666667 0.00016 0.0 0.00181333333333 0.145056 0.115525333333 0.000282666666667 0.0 0.006032 0.0705013333333 0.00032 0.0 0.0 0.0 0.0 0.0 0.0 0.0 0.0 0.000197333333333 0.00124266666667 0.00330133333333 0.000768 0.0 0.00241066666667 0.257685333333 0.0951573333333 0.0 0.0 0.000981333333333 0.0282666666667 0.0 0.0 0.0 0.0 0.0 0.0 0.0 0.0 0.0 1.6e-05 0.003168 0.00281066666667 0.0 5.33333333333e-06 0.00171733333333 0.143173333333
0.0385285285285 0.0561081081081 0.0210690690691 1.8018018018e-05 0.0 0.00404204204204 0.0999219219219 0.00176576576577 0.0 0.0 0.0003003003003 0.000264264264264 0.0 0.0 0.0 3.6036036036e-05 0.00876276276276 0.00101501501502 0.0 0.0 0.00255855855856 0.00635435435435 0.0353513513514 0.0333093093093 0.0 0.0 0.0562942942943 0.223621621622 0.0 0.0 0.0 0.000618618618619 6.00600600601e-06 0.0 0.0 0.0 0.00258258258258 0.0143543543544 0.000228228228228 4.8048048048e-05 0.0 0.00221621621622 0.00159159159159 0.0965705705706 0.0 0.0 0.0 0.08796996997 0.0 0.0 0.0 0.0 0.0 0.000114114114114 0.0 1.8018018018e-05 0.0 0.00173573573574 0.00012012012012 0.000102102102102 0.0 0.0 8.40840840841e-05 0.202318318318
0.0293866666667 0.00147733333333 5.33333333333e-06 0.0 0.001312 0.000746666666667 0.0 0.0 0.0 0.0 0.0 0.0 0.0 0.0 0.0 0.0 0.0140533333333 0.00164266666667 0.0 0.0 0.0750346666667 0.304522666667 0.00861866666667 5.33333333333e-06 0.0 0.00330133333333 0.00365333333333 0.0 0.0 0.0 0.0 0.0 0.0 0.0 0.0 0.0 0.0162506666667 0.147808 0.00642133333333 0.0 0.0 0.065888 0.207301333333 0.00912 0.0 0.0 0.00254933333333 0.00474133333333 0.0 0.0 0.0 0.0 0.0 0.0 0.0 0.0 0.0 0.000437333333333 0.00193066666667 0.00242133333333 0.0 2.66666666667e-05 0.00402133333333 0.0873226666667
0.248425149701 0.00707185628743 0.000263473053892 5.9880239521e-06 0.0156467065868 0.133946107784 0.021005988024 0.00125149700599 0.0 0.00164071856287 0.0256107784431 2.39520958084e-05 0.0 0.0 0.0 0.0 5.38922155689e-05 1.79640718563e-05 0.0 0.0 0.000293413173653 0.0215748502994 0.00301796407186 0.000215568862275 0.0 0.000604790419162 0.0186646706587 0.00429341317365 0.0 0.0 0.0 0.00062874251497 0.0 0.0 0.0 0.0 0.0 5.9880239521e-06 0.0 0.0 0.0 1.19760479042e-05 0.0318443113772 0.00182035928144 0.0 0.0 0.00198203592814 0.0177904191617 0.0 0.0 0.0 0.0 0.0 0.0 0.0 0.0 0.0 0.0 5.9880239521e-05 5.9880239521e-06 0.0 0.0 0.000119760479042 0.442101796407
0.180138138138 0.00100900900901 0.0 0.0 0.00485885885886 0.00422222222222 0.0 0.0 0.0 0.0 0.0 0.0 0.0 0.0 0.0 0.0 0.0964984984985 0.00133333333333 0.0 0.0 0.159645645646 0.279393393393 0.000876876876877 0.0 0.0 0.00120720720721 0.00120720720721 6.00600600601e-06 0.0 0.0 0.0 0.0 3.6036036036e-05 0.0 0.0 0.0 0.00154354354354 0.097951951952 0.000474474474474 0.0 0.0 0.0359279279279 0.0370870870871 0.0017957957958 0.0 0.0 0.000648648648649 0.00302702702703 0.0 0.0 0.0 0.0 0.0 0.000372372372372 6.00600600601e-06 0.0 0.0 0.00126126126126 0.0170690690691 0.00148948948949 0.0 0.0 0.0052972972973 0.0656156156156
0.298234234234 0.0270810810811 6.00600600601e-06 0.0 0.0252552552553 0.0117957957958 1.8018018018e-05 0.0 3.6036036036e-05 0.000660660660661 6.60660660661e-05 0.0 0.0 6.00600600601e-06 6.00600600601e-06 0.0 0.0153033033033 0.0151291291291 1.2012012012e-05 0.0 0.0163843843844 0.13836036036 0.0163003003003 7.20720720721e-05 0.000228228228228 0.0256156156156 0.0154894894895 0.000486486486486 0.0 4.8048048048e-05 0.00166966966967 0.000336336336336 0.0 0.0 0.0 0.0 6.60660660661e-05 0.0248228228228 0.00659459459459 6.00600600601e-06 0.000228228228228 0.0154174174174 0.0977537537538 0.00987387387387 0.0 5.40540540541e-05 0.0166846846847 0.0236636636637 0.0 0.0 0.0 0.0 0.0 0.0 0.0 0.0 0.0 3.6036036036e-05 0.011987987988 0.00302702702703 0.0 0.0 0.0046006006006 0.176582582583
0.868318318318 0.0400780780781 0.00021021021021 0.0 6.60660660661e-05 0.0135735735736 0.00272672672673 6.00600600601e-06 0.0 0.0 0.0 0.0 0.0 0.0 0.0 0.0 0.00528528528529 0.00184984984985 6.00600600601e-06 0.0 0.000846846846847 0.0223123123123 0.00828228228228 0.0 0.0 6.00600600601e-06 0.00190990990991 4.2042042042e-05 0.0 0.0 0.0 0.0 3.6036036036e-05 0.0 0.0 0.0 0.000198198198198 0.0003003003003 0.00115915915916 0.0 0.0 3.6036036036e-05 0.0252792792793 0.00404204204204 0.0 0.0 0.0 0.000564564564565 0.0 0.0 0.0 0.0 1.2012012012e-05 0.0 0.0 0.0 7.20720720721e-05 0.0 4.8048048048e-05 0.000348348348348 6.00600600601e-06 0.0 0.0 0.00237837837838
0.124065868263 0.0175628742515 0.0 0.0 0.00214371257485 0.0190119760479 0.000137724550898 0.0 5.9880239521e-06 5.9880239521e-05 1.19760479042e-05 0.0 0.0 5.9880239521e-06 0.0 0.0 0.0133952095808 0.0038622754491 0.0 0.0 0.0154131736527 0.270275449102 0.0612215568862 5.9880239521e-06 5.9880239521e-06 0.00960479041916 0.0424011976048 5.9880239521e-05 0.0 4.79041916168e-05 0.000179640718563 0.0 0.0 0.0 0.0 0.0 2.99401197605e-05 0.0201676646707 0.0105449101796 0.0 0.0 0.0135688622754 0.224011976048 0.0118443113772 0.0 0.000532934131737 0.0174431137725 0.00690419161677 0.0 0.0 0.0 0.0 0.0 0.0 5.9880239521e-06 0.0 0.0 1.79640718563e-05 0.0055628742515 0.00225149700599 0.0 0.0 0.0125748502994 0.0950598802395
0.819702702703 0.00618918918919 5.40540540541e-06 0.0 0.0057027027027 0.0156648648649 0.000286486486486 2.16216216216e-05 0.0 0.0 0.0 0.0 0.0 0.0 0.0 0.0 0.00116756756757 4.86486486486e-05 0.0 0.0 0.0029027027027 0.020027027027 8.10810810811e-05 5.40540540541e-06 0.0 0.000275675675676 0.000167567567568 1.62162162162e-05 0.0 0.0 0.0 0.0 0.0 0.0 0.0 0.0 0.0 0.00113513513514 1.08108108108e-05 0.0 0.0 0.00664324324324 0.0105081081081 0.000464864864865 0.0 0.0 0.000113513513514 0.000605405405405 0.0 0.0 0.0 0.0 0.0 0.0 0.0 0.0 0.0 0.000151351351351 0.00577297297297 0.00012972972973 0.0 0.0 0.0763891891892 0.0258108108108
0.494032 0.002224 0.0 0.0 0.0 2.8e-05 0.0 0.0 0.0 0.0 0.0 0.0 0.0 0.0 0.0 0.0 0.087496 0.033452 0.0 0.0 0.00456 0.090712 0.007148 0.0 0.0 0.0 2.8e-05 4e-06 0.0 0.0 0.0 0.0 3.2e-05 3.2e-05 0.0 0.0 0.000752 0.043424 0.05316 0.0 0.0 1.6e-05 0.04446 0.006928 0.0 0.0 0.0 8e-06 0.0 0.0 0.0 0.0 0.0 0.0 1.2e-05 0.0 0.0 0.0 0.062612 0.035284 0.0 0.0 0.0 0.033596
0.076544 0.023296 0.000112 0.0 0.00494933333333 0.019376 0.000229333333333 0.0 0.0 0.0 0.0 0.0 0.0 0.0 0.0 0.0 0.0103733333333 0.000528 9.06666666667e-05 0.0 0.0456906666667 0.327765333333 0.066096 5.33333333333e-06 0.0 0.00302933333333 0.0342346666667 0.000176 0.0 0.0 0.0 0.0 0.0 0.0 0.0 0.0 0.0 0.0303946666667 0.002464 0.0 0.0 0.0580693333333 0.140832 0.124090666667 0.0 0.0 0.000970666666667 0.004544 0.0 0.0 0.0 0.0 0.0 0.0 0.0 0.0 0.0 0.0 0.00488533333333 0.000298666666667 0.0 0.0 0.00779733333333 0.0131573333333
0.190241992883 0.00202846975089 0.0 0.0 0.0146975088968 0.0571886120996 4.27046263345e-05 0.0 0.0 0.000327402135231 0.000163701067616 0.0 0.0 0.0 0.0 0.0 0.0773238434164 0.000398576512456 0.0 0.0 0.0788540925267 0.155651245552 0.00238434163701 0.0 0.0 0.00478291814947 0.0126476868327 4.27046263345e-05 0.0 0.0 1.42348754448e-05 2.84697508897e-05 0.0 0.0 0.0 0.0 0.000612099644128 0.0430177935943 0.000370106761566 0.0 0.0 0.00279715302491 0.058768683274 0.00357295373665 0.0 0.0 0.00044128113879 0.00409252669039 0.0 0.0 0.0 0.0 7.11743772242e-06 5.69395017794e-05 0.0 0.0 7.11743772242e-06 0.147622775801 0.0154306049822 0.000683274021352 0.0 0.00187900355872 0.0593024911032 0.0645195729537
0.149877005348 0.0208288770053 0.000122994652406 2.13903743316e-05 0.0162459893048 0.121401069519 0.00946524064171 3.20855614973e-05 0.0 0.00796256684492 0.0130481283422 0.000828877005348 0.0 0.0 4.27807486631e-05 2.13903743316e-05 0.20086631016 0.00143315508021 5.88235294118e-05 5.34759358289e-06 0.00513368983957 0.142288770053 0.0626096256684 9.09090909091e-05 0.0 0.0163743315508 0.124219251337 0.02 0.0 0.0 0.00709625668449 0.00424598930481 0.000224598930481 0.0 0.0 0.0 0.00319251336898 0.00394652406417 0.000695187165775 1.60427807487e-05 0.0 0.00179679144385 0.0289090909091 0.0144812834225 0.0 0.0 0.00186631016043 0.0129197860963 0.0 0.0 0.0 0.0 4.27807486631e-05 0.00027807486631 0.0 0.0 0.0 0.00116042780749 0.00105347593583 0.000347593582888 0.0 0.0 0.000245989304813 0.00450267379679
0.419327327327 0.0120840840841 0.00112312312312 1.2012012012e-05 0.00146546546547 0.00434834834835 0.00199399399399 9.60960960961e-05 0.0 0.0 6.00600600601e-06 0.0 0.0 0.0 0.0 0.0 6.60660660661e-05 0.000570570570571 0.0 0.0 0.00151951951952 0.0355615615616 0.00515315315315 0.00133933933934 0.0 0.00121921921922 0.0036036036036 0.00187987987988 0.0 0.0 1.8018018018e-05 0.00159159159159 0.0 0.0 0.0 0.0 0.0 0.0448708708709 0.000510510510511 6.00600600601e-06 0.0 0.02003003003 0.171681681682 0.00778378378378 0.0 0.0 0.000858858858859 0.0246546546547 0.0 0.0 0.0 0.0 0.0 0.0 0.0 0.0 0.0 0.0 0.0102582582583 0.000576576576577 0.0 0.0 0.00609009009009 0.2196996997
0.158186666667 0.00227733333333 9.6e-05 1.6e-05 0.0524533333333 0.070784 0.000144 1.06666666667e-05 0.0 0.004768 4.8e-05 0.0 0.0 0.0 0.0 0.0 0.002448 0.000330666666667 3.73333333333e-05 1.6e-05 0.00371733333333 0.088592 0.00541333333333 0.000122666666667 0.0 0.024656 0.0203413333333 0.000885333333333 0.0 0.0 0.000101333333333 1.06666666667e-05 0.0 0.0 0.0 0.0 4.8e-05 0.006672 0.000192 5.33333333333e-05 0.0 0.015888 0.084752 0.015968 0.0 0.0 0.00237866666667 0.052624 0.0 0.0 0.0 0.0 0.0 0.0 0.0 0.0 0.0 0.00226133333333 0.095408 0.000554666666667 0.0 1.06666666667e-05 0.182293333333 0.10544
0.432834834835 0.00715315315315 6.00600600601e-06 0.0 0.00464864864865 0.0123123123123 0.000168168168168 0.0 0.0 0.0 1.8018018018e-05 0.0 0.0 0.0 0.0 0.0 0.0075975975976 0.00197597597598 0.0 0.0 0.00557357357357 0.230660660661 0.0153033033033 0.0 0.0 0.00563963963964 0.0229309309309 0.000222222222222 0.0 0.0 0.0 3.6036036036e-05 0.0 0.0 0.0 0.0 0.0 0.0059039039039 0.00136936936937 0.0 0.0 0.00668468468468 0.141081081081 0.0136336336336 0.0 0.0 0.001003003003 0.0132492492492 0.0 0.0 0.0 0.0 0.0 0.0 0.0 0.0 0.0 0.0 0.000750750750751 0.000258258258258 0.0 0.0 0.000564564564565 0.0684204204204
0.582264705882 5.88235294118e-05 0.0 0.0 2.94117647059e-05 0.000117647058824 0.0 0.0 0.0 0.0 0.0 0.0 0.0 0.0 0.0 0.0 0.0328676470588 4.41176470588e-05 0.0 0.0 0.0228529411765 0.048 0.000338235294118 0.0 0.0 0.000161764705882 0.000485294117647 5.88235294118e-05 0.0 0.0 0.0 0.0 0.0 0.0 0.0 0.0 0.00276470588235 0.0178676470588 0.000161764705882 0.0 0.0 0.00851470588235 0.00944117647059 0.000617647058824 0.0 0.0 0.0 0.00135294117647 0.0 0.0 0.0 0.0 5.88235294118e-05 0.00188235294118 0.0 0.0 4.41176470588e-05 0.126676470588 0.0393529411765 2.94117647059e-05 0.0 0.00145588235294 0.0703970588235 0.0321029411765
0.296432432432 0.00678078078078 0.000252252252252 1.8018018018e-05 0.0227327327327 0.0979099099099 0.0045045045045 0.000918918918919 0.0 0.00817417417417 0.0135615615616 0.000522522522523 0.0 0.0 4.8048048048e-05 2.4024024024e-05 0.00257657657658 0.001003003003 0.0 0.0 0.00399399399399 0.0782822822823 0.00574174174174 9.60960960961e-05 0.0 0.00654654654655 0.0241441441441 0.00236036036036 0.0 0.0 0.00024024024024 0.000516516516517 0.00946546546547 0.0 0.0 0.0 0.00587987987988 0.00258258258258 0.000858858858859 0.0 0.0 0.00383183183183 0.104858858859 0.00751951951952 0.0 0.0 0.00436036036036 0.0217297297297 6.00600600601e-06 0.0 0.0 0.0 0.010984984985 0.00511111111111 0.0 0.0 2.4024024024e-05 0.017021021021 0.0172492492492 0.000726726726727 0.0 0.0 0.0134354354354 0.196972972973
0.000922666666667 0.000634666666667 0.0 0.0 0.000490666666667 0.00417066666667 1.06666666667e-05 0.0 0.0 0.00173866666667 0.000122666666667 0.0 0.0 5.33333333333e-06 5.33333333333e-06 0.0 0.0 0.000138666666667 0.0 0.0 2.13333333333e-05 0.018624 0.0274453333333 0.0 0.0 0.015264 0.372421333333 0.004512 0.0 0.0 0.00269333333333 0.000352 0.0 0.0 0.0 0.0 0.0 8e-05 0.000250666666667 0.0 0.0 0.000266666666667 0.305877333333 0.106912 0.0 0.0 0.0143253333333 0.110085333333 0.0 0.0 0.0 0.0 0.0 0.0 0.0 0.0 0.0 0.0 0.00618666666667 0.000144 0.0 0.0 0.000442666666667 0.005856
0.0957297297297 0.00478678678679 0.00242042042042 0.000792792792793 0.00272072072072 0.00437837837838 0.0047027027027 0.0105705705706 0.0 6.00600600601e-06 0.00121321321321 0.00340540540541 0.0 0.0 0.0 3.6036036036e-05 0.0372492492492 0.00215615615616 6.60660660661e-05 1.8018018018e-05 0.0254354354354 0.0327507507508 0.00542342342342 0.00172372372372 6.60660660661e-05 0.00108108108108 0.00572372372372 0.00746546546547 0.0 1.8018018018e-05 0.000342342342342 0.00702102102102 0.000414414414414 0.000216216216216 0.0 0.0 0.00696696696697 0.0175915915916 0.00122522522523 3.6036036036e-05 0.00108708708709 0.0114114114114 0.0362762762763 0.0057957957958 0.0 0.0 0.00218018018018 0.0094954954955 0.0 0.0 0.0 0.0 0.000144144144144 0.00332732732733 4.2042042042e-05 0.0 0.000144144144144 0.00405405405405 0.00687687687688 0.00151951951952 0.0 0.000144144144144 0.013027027027 0.620720720721
0.425493975904 0.0213313253012 0.0 0.0 0.00403614457831 0.0301325301205 0.000186746987952 0.0 0.0 3.61445783133e-05 1.20481927711e-05 0.0 0.0 0.0 0.0 0.0 0.104168674699 0.00882530120482 0.0 0.0 0.0824578313253 0.230590361446 0.00819277108434 0.0 0.0 0.00296385542169 0.00734337349398 0.000307228915663 0.0 0.0 0.0 0.0 0.0 0.0 0.0 0.0 0.00028313253012 0.010734939759 0.000198795180723 0.0 0.0 0.00748795180723 0.0228253012048 0.00522891566265 0.0 0.0 7.8313253012e-05 0.00200602409639 0.0 0.0 0.0 0.0 0.0 0.0 0.0 0.0 6.02409638554e-06 8.43373493976e-05 0.00066265060241 3.01204819277e-05 0.0 0.0 0.000409638554217 0.0238855421687
0.417165165165 0.00421621621622 6.00600600601e-06 0.0 0.0118738738739 0.0348888888889 9.60960960961e-05 0.0 0.0 0.0 0.0 0.0 0.0 0.0 0.0 0.0 0.0271831831832 3.003003003e-05 1.2012012012e-05 0.0 0.0557237237237 0.185747747748 0.00535135135135 0.0 1.2012012012e-05 0.0094954954955 0.0143963963964 0.0 0.0 0.0 0.0 0.0 2.4024024024e-05 0.0 0.0 0.0 0.000846846846847 0.0065045045045 7.20720720721e-05 0.0 1.8018018018e-05 0.0235855855856 0.0324384384384 1.8018018018e-05 0.0 6.00600600601e-06 0.00115915915916 9.00900900901e-05 0.0 0.0 0.0 0.0 3.6036036036e-05 3.003003003e-05 0.0 0.0 6.00600600601e-05 0.000546546546547 0.00326126126126 1.2012012012e-05 0.0 6.00600600601e-06 0.0119039039039 0.153183183183
0.039712 0.007872 0.0 0.0 0.00357866666667 0.0253546666667 3.73333333333e-05 0.0 0.0 0.0 0.0 0.0 0.0 0.0 0.0 0.0 0.000565333333333 0.001296 0.0 0.0 0.000890666666667 0.152602666667 0.0545226666667 0.0 0.0 0.000485333333333 0.0525813333333 0.001648 0.0 0.0 0.0 5.33333333333e-06 0.0 0.0 0.0 0.0 1.06666666667e-05 0.038208 0.0206986666667 0.0 0.0 0.0156586666667 0.304432 0.013584 0.0 0.0 2.13333333333e-05 0.00865066666667 0.0 0.0 0.0 0.0 0.0 0.0 0.0 0.0 0.0 0.098832 0.080592 6.4e-05 0.0 0.0 0.0645226666667 0.0135733333333
0.157344 0.021696 1.06666666667e-05 0.0 0.000421333333333 0.0439573333333 0.000421333333333 1.6e-05 0.0 0.0 6.4e-05 0.000149333333333 0.0 0.0 0.0 5.33333333333e-06 0.039856 0.00128533333333 2.66666666667e-05 0.0 0.0473493333333 0.302368 0.00451733333333 0.000106666666667 2.66666666667e-05 0.000437333333333 0.004192 0.000618666666667 0.0 0.0 0.0 0.000810666666667 0.0 0.0 0.0 0.0 0.000725333333333 0.100069333333 0.00168533333333 0.000890666666667 0.0 0.0256533333333 0.0272373333333 0.00308266666667 0.0 0.000192 0.000186666666667 0.004432 0.0 0.0 0.0 0.0 0.0 0.0 0.0 0.0 0.0 5.33333333333e-06 0.0008 0.000384 0.0 0.000213333333333 0.00109333333333 0.207669333333
0.189507507508 0.0374234234234 0.000258258258258 0.0 2.4024024024e-05 0.0722222222222 0.0292912912913 0.0 0.0 0.0 0.0 0.0 0.0 0.0 0.0 0.0 0.0025045045045 0.00039039039039 0.0 0.0 0.000258258258258 0.0966246246246 0.122276276276 1.8018018018e-05 0.0 0.0 0.0860900900901 0.00268468468468 0.0 0.0 0.0 0.0 0.0 0.0 0.0 0.0 0.0 6.00600600601e-06 0.0 0.0 0.0 0.0 0.250840840841 0.0964324324324 0.0 0.0 3.6036036036e-05 0.00392192192192 0.0 0.0 0.0 0.0 0.0 0.0 0.0 0.0 0.0 0.0 0.00015015015015 0.00021021021021 0.0 0.0 0.000258258258258 0.00857057057057
0.464762666667 0.0241546666667 0.0 0.0 0.0191573333333 0.046832 0.000517333333333 0.0 0.0 0.000138666666667 3.73333333333e-05 0.0 0.0 0.0 0.0 0.0 0.00666666666667 0.000656 0.0 0.0 0.01272 0.222789333333 0.00541333333333 1.6e-05 0.0 0.00902933333333 0.0151573333333 4.8e-05 0.0 0.0 8.53333333333e-05 6.93333333333e-05 0.0 0.0 0.0 0.0 1.6e-05 0.005472 0.000133333333333 0.0 0.0 0.00659733333333 0.0485386666667 0.00234133333333 0.0 0.0 0.00414933333333 0.00911466666667 0.0 0.0 0.0 0.0 0.0 1.06666666667e-05 0.0 0.0 0.0 1.6e-05 0.002912 9.6e-05 0.0 0.0 0.00339733333333 0.0889546666667
0.256222891566 0.00607228915663 0.0 0.0 0.0152710843373 0.0705542168675 0.00310843373494 0.0 0.0 0.000138554216867 0.001 0.0 0.0 0.0 0.0 0.0 0.0010421686747 0.000325301204819 0.0 0.0 0.00175301204819 0.119572289157 0.125198795181 0.0 0.0 0.000825301204819 0.191018072289 0.000180722891566 0.0 0.0 0.0 0.0 0.0 0.0 0.0 0.0 0.0 0.0317409638554 0.000271084337349 0.0 0.0 0.0113313253012 0.087656626506 0.00448795180723 0.0 0.0 6.02409638554e-06 9.03614457831e-05 0.0 0.0 0.0 0.0 0.0 0.0 0.0 0.0 0.0 8.43373493976e-05 0.0128975903614 0.0005 0.0 0.0 0.000524096385542 0.0581265060241
0.363305389222 0.0631916167665 0.0127844311377 0.00048502994012 1.79640718563e-05 0.00919161676647 0.049245508982 0.045251497006 0.0 0.0 0.000251497005988 0.0168143712575 0.0 0.0 0.0 1.19760479042e-05 0.0408622754491 0.00202994011976 0.0 0.0 0.0217844311377 0.016245508982 0.00255089820359 0.0047245508982 0.0 0.0 0.000473053892216 0.0443173652695 0.0 0.0 0.0 0.00452694610778 0.0 0.0 0.0 0.0 0.0190299401198 0.0587065868263 0.000874251497006 0.0 0.0 0.015371257485 0.0209281437126 0.00209580838323 0.0 0.0 0.0 0.0126167664671 0.0 0.0 0.0 0.0 0.0 0.0 0.0 0.0 0.0 0.0657305389222 0.0863832335329 0.000443113772455 0.0 0.0 0.0186467065868 0.00110778443114
0.245093333333 0.004032 0.0 0.0 0.0146133333333 0.004368 0.0 0.0 0.0 0.0 0.0 0.0 0.0 0.0 0.0 0.0 0.0320586666667 0.01056 1.06666666667e-05 0.0 0.0208533333333 0.165285333333 0.000474666666667 0.0 4.8e-05 0.010192 0.00165866666667 0.0 0.0 1.06666666667e-05 2.13333333333e-05 0.0 5.86666666667e-05 0.00024 0.0 0.0 0.00156266666667 0.0309653333333 0.004848 0.0 5.33333333333e-06 0.0284586666667 0.0618826666667 0.000106666666667 0.0 4.26666666667e-05 0.004592 0.000810666666667 0.0 0.0 0.0 0.0 8.53333333333e-05 0.00115733333333 7.46666666667e-05 0.0 5.33333333333e-06 0.098224 0.161530666667 0.001936 0.0 5.33333333333e-06 0.0261173333333 0.0680106666667
0.266106666667 0.0302346666667 5.33333333333e-05 0.0 0.020032 0.040768 0.000378666666667 0.0 0.0 0.000277333333333 6.93333333333e-05 0.0 0.0 0.0 0.0 0.0 0.00968533333333 0.00713066666667 3.73333333333e-05 0.0 0.008688 0.236693333333 0.0276533333333 0.0 0.0 0.005072 0.0311733333333 0.000352 0.0 0.0 0.000618666666667 0.00024 0.0 1.06666666667e-05 0.0 0.0 0.00127466666667 0.02224 0.00660266666667 5.33333333333e-06 2.13333333333e-05 0.0131146666667 0.147082666667 0.0161333333333 0.0 0.0 0.00261333333333 0.0191413333333 0.0 0.0 0.0 0.0 0.0 0.0 1.6e-05 0.0 0.0 6.4e-05 0.00949333333333 0.00337066666667 0.0 0.0 0.00716266666667 0.0663893333333
0.243537537538 0.08796996997 0.000438438438438 6.00600600601e-06 0.00362762762763 0.109099099099 0.00425825825826 2.4024024024e-05 0.0 0.0 2.4024024024e-05 0.0 0.0 0.0 0.0 0.0 0.022048048048 0.0073033033033 7.20720720721e-05 0.0 0.012 0.113303303303 0.0241081081081 9.60960960961e-05 6.60660660661e-05 0.00123723723724 0.00448648648649 0.000258258258258 0.0 0.0 0.0 0.0 0.000474474474474 0.000216216216216 4.8048048048e-05 0.0 0.00677477477477 0.0165885885886 0.00393993993994 3.6036036036e-05 4.2042042042e-05 0.0118798798799 0.0311411411411 0.000402402402402 0.0 8.40840840841e-05 0.000246246246246 8.40840840841e-05 0.0360600600601 0.0 0.0 0.0 0.11618018018 0.0102942942943 5.40540540541e-05 1.2012012012e-05 0.048960960961 0.0391531531532 0.0204144144144 0.00218018018018 0.0 3.003003003e-05 0.00794594594595 0.0127927927928
0.325862275449 0.0112574850299 1.19760479042e-05 0.0 0.0419700598802 0.0672574850299 0.00579041916168 0.0 0.0 0.00365269461078 0.000407185628743 0.0 0.0 0.0 0.0 0.0 0.0180179640719 0.000317365269461 0.0 0.0 0.0578562874251 0.128880239521 0.0127425149701 4.79041916168e-05 0.0 0.00962874251497 0.0201616766467 0.00768263473054 0.0 0.0 3.59281437126e-05 5.9880239521e-05 0.0 0.0 0.0 0.0 1.79640718563e-05 0.0127844311377 4.19161676647e-05 0.0 0.0 0.0312694610778 0.123634730539 0.026251497006 0.0 0.0 0.000880239520958 0.00433532934132 0.0 0.0 0.0 0.0 0.0 0.0 0.0 0.0 0.0 0.0 0.0125808383234 1.19760479042e-05 0.0 0.0 0.025754491018 0.0507964071856
0.140357333333 0.006208 0.000192 0.0 0.021856 0.0360853333333 0.000442666666667 0.000122666666667 0.0 0.00106133333333 0.000544 0.0 0.0 0.0 2.13333333333e-05 0.0 0.0168373333333 0.00290133333333 0.0 0.0 0.0153866666667 0.25312 0.00190933333333 2.13333333333e-05 0.0 0.025984 0.0324533333333 5.33333333333e-05 0.0 0.0 0.000666666666667 0.000101333333333 0.0 0.0 0.0 0.0 9.6e-05 0.053072 0.00184 0.0 6.93333333333e-05 0.0427306666667 0.174773333333 0.000213333333333 0.0 0.0 0.004736 0.003168 0.0 0.0 0.0 0.0 0.0 1.06666666667e-05 1.06666666667e-05 0.0 2.66666666667e-05 2.66666666667e-05 0.0433546666667 0.000576 1.6e-05 0.000106666666667 0.0175466666667 0.101301333333
0.154066066066 0.1 0.0408888888889 0.000168168168168 0.000366366366366 0.0063963963964 0.0656936936937 0.0379459459459 0.0 0.0 0.000234234234234 0.000162162162162 0.0 0.0 0.0 0.000198198198198 0.00117117117117 0.00226426426426 0.000846846846847 0.000186186186186 0.000456456456456 0.0274114114114 0.0311471471471 0.100774774775 0.0 0.00042042042042 0.00642042042042 0.211423423423 0.0 0.0 1.2012012012e-05 0.00117717717718 6.00600600601e-06 3.003003003e-05 0.0 1.2012012012e-05 2.4024024024e-05 0.000534534534535 0.000858858858859 0.000606606606607 0.0 0.000324324324324 0.00666666666667 0.115555555556 0.0 1.8018018018e-05 0.000540540540541 0.053021021021 0.0 0.0 0.0 0.0 0.0 6.00600600601e-06 0.0 1.8018018018e-05 0.0 0.0 0.000786786786787 0.000534534534535 0.0 3.003003003e-05 0.0092012012012 0.0213933933934
0.0992012012012 0.204774774775 2.4024024024e-05 0.0 0.0 0.0117057057057 0.000318318318318 0.0 0.0 0.0 6.00600600601e-06 0.0 0.0 0.0 0.0 0.0 4.2042042042e-05 0.120876876877 6.00600600601e-06 0.0 0.0 0.170492492492 0.0474774774775 0.0 0.0 0.0 0.00307507507508 0.0 0.0 0.0 0.0 0.0 0.0 0.0 0.0 0.0 0.0 0.000138138138138 0.00987987987988 0.0 0.0 0.0 0.0941621621622 0.0184684684685 0.0 0.0 8.40840840841e-05 0.00177777777778 0.0 0.0 0.0 0.0 0.0 0.0 0.0 0.0 0.0 0.0 0.0166546546547 0.0767447447447 0.0 0.0 0.000684684684685 0.123405405405
0.270498498498 0.00821621621622 6.00600600601e-06 0.0 0.000342342342342 0.00434834834835 3.6036036036e-05 0.0 0.0 1.8018018018e-05 9.00900900901e-05 0.0 0.0 0.0 0.0 0.0 0.00278078078078 0.00392192192192 0.0 0.0 0.000486486486486 0.12978978979 0.00833633633634 0.0 0.0 0.00777177177177 0.0102642642643 6.00600600601e-05 0.0 0.0 1.2012012012e-05 0.000198198198198 0.0 0.0 0.0 0.0 0.0 0.0126906906907 0.00154954954955 0.0 0.0 0.0135375375375 0.196906906907 0.00514114114114 0.0 0.0 0.00226426426426 0.00374174174174 0.0 0.0 0.0 0.0 0.0 0.0 0.0 0.0 0.0 0.0 0.00456456456456 0.00021021021021 0.0 0.0 0.00485285285285 0.307363363363
0.227753753754 0.139207207207 0.0106786786787 0.0 0.010954954955 0.0244864864865 0.00232432432432 0.0 0.0 0.0 6.00600600601e-06 0.0 0.0 0.0 0.0 0.0 0.00287687687688 9.00900900901e-05 0.000378378378378 0.0 0.0126366366366 0.192654654655 0.0246006006006 0.00123723723724 0.0 0.000792792792793 0.0138078078078 0.00291891891892 0.0 0.0 0.0 0.0 0.0 0.0 0.0 0.0 6.00600600601e-06 0.0127147147147 0.000864864864865 0.0 0.0 0.0547507507508 0.106192192192 0.00559159159159 0.0 0.0 7.20720720721e-05 0.00296696696697 0.0 0.0 0.0 0.0 0.0 0.0 0.0 0.0 0.0 0.0355555555556 0.095039039039 0.000126126126126 0.0 0.0 0.0101501501502 0.00856456456456
0.113605333333 0.00888533333333 0.0 0.0 0.0303733333333 0.207765333333 0.0321973333333 0.0 0.0 0.006592 0.0196746666667 0.000149333333333 0.0 0.0 0.0 0.0 0.00264 9.6e-05 0.0 0.0 0.00770666666667 0.083024 0.009968 0.0 0.0 0.018624 0.056064 0.000650666666667 0.0 0.0 0.000453333333333 0.000522666666667 1.06666666667e-05 0.0 0.0 0.0 0.001216 0.0187413333333 0.000224 0.0 5.33333333333e-06 0.0112693333333 0.0354613333333 0.001008 0.0 0.0 0.000373333333333 0.00185066666667 0.0 0.0 0.0 0.0 5.33333333333e-06 0.0305386666667 0.0 0.0 0.0 0.185664 0.0279946666667 8e-05 0.0 2.13333333333e-05 0.0156266666667 0.0709173333333
0.264762762763 0.000216216216216 0.0 0.0 0.0310990990991 0.0747087087087 0.000144144144144 0.0 0.0 0.0228828828829 0.00175375375375 0.0 0.0 0.0 0.0 0.0 0.0208228228228 5.40540540541e-05 0.0 0.0 0.033987987988 0.162606606607 0.00308108108108 0.0 0.0 0.0105045045045 0.0135135135135 4.8048048048e-05 0.0 0.0 1.2012012012e-05 0.0 0.0 0.0 0.0 0.0 0.000186186186186 0.0301861861862 0.00204204204204 0.0 0.0 0.00809009009009 0.189309309309 0.0139219219219 0.0 0.0 0.000678678678679 0.0130810810811 0.0 0.0 0.0 0.0 0.0 0.000282282282282 0.0 0.0 1.8018018018e-05 0.0821261261261 0.00182582582583 0.000234234234234 0.0 0.0 0.000882882882883 0.0169369369369
0.581339339339 0.00332132132132 0.0 0.0 0.0708168168168 0.0876456456456 0.00232432432432 3.6036036036e-05 0.0 0.0044024024024 0.00175975975976 0.00174774774775 0.0 0.0 3.6036036036e-05 0.0015975975976 0.000288288288288 0.000234234234234 0.0 0.0 0.000600600600601 0.0906006006006 0.00378978978979 0.0 0.0 0.0494534534535 0.0160780780781 0.000276276276276 0.0 0.0 0.000462462462462 0.000618618618619 0.0 0.0 0.0 0.0 0.0 0.0017957957958 0.00239039039039 0.0 0.0 0.00425225225225 0.0374054054054 0.000732732732733 0.0 0.0 0.00246246246246 0.00234834834835 0.0 0.0 0.0 0.0 0.0 0.0 3.6036036036e-05 0.0 0.0 0.0 0.00815015015015 0.00274474474474 0.0 0.0 0.000888888888889 0.0193633633634
0.580156156156 0.00193993993994 0.000132132132132 0.0 0.0 0.000516516516517 0.000738738738739 0.000468468468468 0.0 0.0 0.0 0.00024024024024 0.0 0.0 0.0 0.0 0.16181981982 0.000384384384384 0.0 0.0 0.0601021021021 0.0308108108108 0.00562162162162 0.00115315315315 0.0 0.0 0.00102102102102 0.00754954954955 0.0 0.0 0.0 0.00251651651652 0.0 0.0 0.0 0.0 0.000312312312312 0.0663363363363 0.00121921921922 0.0 0.0 0.00261261261261 0.035003003003 0.0182702702703 0.0 0.0 0.0 0.0175375375375 0.0 0.0 0.0 0.0 0.0 0.0 0.0 0.0 0.0 0.0 6.00600600601e-06 0.00276876876877 0.0 0.0 0.0 0.000762762762763
0.111557333333 0.0179093333333 0.000314666666667 5.33333333333e-06 0.000517333333333 0.0123893333333 0.000117333333333 0.0 0.0 0.0 0.0 0.0 0.0 0.0 0.0 0.0 0.0130026666667 0.000608 1.6e-05 0.0 0.0247253333333 0.0246986666667 0.000565333333333 0.0 0.0 4.8e-05 2.66666666667e-05 0.0 0.0 0.0 0.0 0.0 0.001328 0.0 0.0 0.0 0.00675733333333 0.112170666667 0.000442666666667 0.0 0.0 0.158650666667 0.210405333333 0.0 0.0 0.0 0.0 0.0 0.0 0.0 0.0 0.0 0.0 3.73333333333e-05 0.0 0.0 0.0 0.00236266666667 0.280208 5.33333333333e-05 0.0 0.0 0.00840533333333 0.0126773333333
0.141567567568 0.0321561561562 0.0 0.0 0.151585585586 0.149627627628 0.00413213213213 0.0 0.000672672672673 0.0372552552553 0.000204204204204 0.0 0.0 6.00600600601e-06 6.60660660661e-05 0.0 0.00175975975976 0.000720720720721 0.0 0.0 0.00213213213213 0.0758138138138 0.0590810810811 0.0 1.2012012012e-05 0.102492492492 0.080018018018 0.0113633633634 0.0 0.00015015015015 0.0026966966967 1.8018018018e-05 0.0 0.0 0.0 0.0 0.0 0.00215615615616 0.00215015015015 0.0 0.0 0.00162762762763 0.0342822822823 0.0534354354354 0.0 1.2012012012e-05 0.0105045045045 0.0338378378378 0.0 0.0 0.0 0.0 0.0 0.0 0.0 0.0 0.0 0.0 0.000108108108108 0.000414414414414 0.0 0.0 0.000186186186186 0.00775375375375
0.0374594594595 0.0163063063063 0.00130930930931 6.00600600601e-05 0.010972972973 0.175831831832 0.0384444444444 0.000462462462462 0.0 0.00204804804805 0.00748348348348 9.00900900901e-05 0.0 0.0 0.0 0.0 0.0 4.8048048048e-05 6.00600600601e-06 6.00600600601e-06 3.003003003e-05 0.167705705706 0.0689309309309 0.00578378378378 0.0 0.00555555555556 0.0648348348348 0.0384324324324 0.0 0.0 2.4024024024e-05 3.6036036036e-05 0.0 0.0 0.0 0.0 0.0 3.003003003e-05 2.4024024024e-05 0.0 0.0 9.60960960961e-05 0.134744744745 0.00291291291291 0.0 0.0 0.00243243243243 0.00296096096096 0.0 0.0 0.0 0.0 0.0 0.0 0.0 0.0 0.0 0.0 0.00372372372372 0.000264264264264 0.0 0.0 0.00335135135135 0.207597597598
