0.0711868131868 0.115230769231 0.0 0.0 0.00209230769231 0.442158241758 0.000395604395604 0.0 0.0 0.0 0.0 0.0 0.0 0.0 0.0 0.0 0.00036043956044 1.31868131868e-05 0.0 0.0 0.000175824175824 0.240795604396 0.0678813186813 0.0 0.0 0.00105054945055 0.0129538461538 9.67032967033e-05 0.0 0.0 0.0 0.0 0.0 0.0 0.0 0.0 0.0 0.000250549450549 8.35164835165e-05 0.0 0.0 0.000158241758242 0.00855824175824 0.00221098901099 0.0 0.0 1.31868131868e-05 0.000751648351648 0.0 0.0 0.0 0.0 0.0 0.0 0.0 0.0 0.0 0.0 0.000356043956044 3.95604395604e-05 0.0 0.0 0.000316483516484 0.0328703296703
0.310924924925 0.0626726726727 9.00900900901e-05 0.0 4.2042042042e-05 0.115963963964 0.0131771771772 0.0 0.0 0.0 0.00036036036036 0.0 0.0 0.0 0.0 0.0 0.0 7.20720720721e-05 0.0 0.0 0.0 0.126 0.117981981982 6.00600600601e-06 0.0 4.2042042042e-05 0.16190990991 0.00391591591592 0.0 0.0 0.0 0.0 0.0 0.0 0.0 0.0 0.0 0.0 1.2012012012e-05 0.0 0.0 0.0 0.0584624624625 0.0174894894895 0.0 0.0 4.8048048048e-05 0.00432432432432 0.0 0.0 0.0 0.0 0.0 0.0 0.0 0.0 0.0 0.0 0.0 0.0 0.0 0.0 0.0 0.0065045045045
0.0715093333333 0.00524266666667 0.00165866666667 0.0 0.0 0.000277333333333 0.0350933333333 0.000890666666667 0.0 0.0 0.0 2.13333333333e-05 0.0 0.0 0.0 0.0 0.000458666666667 0.000890666666667 2.66666666667e-05 0.0 5.33333333333e-06 0.00272 0.0531146666667 0.027792 0.0 0.0 0.0 0.0291253333333 0.0 0.0 0.0 0.0 0.0 1.6e-05 0.0 0.0 0.0 0.0447413333333 0.068576 0.000165333333333 0.0 0.00016 0.319813333333 0.337573333333 0.0 0.0 0.0 6.93333333333e-05 0.0 0.0 0.0 0.0 0.0 0.0 0.0 0.0 0.0 0.0 0.0 3.73333333333e-05 0.0 0.0 0.0 2.13333333333e-05
0.101675675676 0.0331651651652 0.0376096096096 0.0152732732733 0.164276276276 0.234660660661 0.00103903903904 0.000666666666667 0.0 0.00527927927928 0.000192192192192 0.000156156156156 0.0 0.0 3.6036036036e-05 0.00024024024024 0.0 0.0003003003003 0.00201201201201 0.00221021021021 0.0524264264264 0.141195195195 0.0024984984985 0.00184384384384 0.0 0.0733873873874 0.00330930930931 0.000948948948949 0.0 0.0 0.000132132132132 0.00036036036036 0.0 0.0 0.0 0.0 0.00213813813814 0.00861861861862 0.000228228228228 0.00033033033033 0.0 0.0591591591592 0.0127507507508 0.00359159159159 0.0 0.0 0.000138138138138 0.00278678678679 0.0 0.0 0.0 0.0 0.0 0.0 0.0 0.0 0.0 0.0 1.2012012012e-05 0.000324324324324 0.0 0.0 3.003003003e-05 0.034996996997
0.633792 0.131156 0.000112 0.0 0.0 0.020752 0.029692 0.0 0.0 0.0 0.001024 2e-05 0.0 0.0 0.0 0.0 0.000548 0.00112 0.0 0.0 0.00012 0.015148 0.016468 2.8e-05 0.0 0.0 0.011872 0.007916 0.0 0.0 0.0 0.000132 0.0 0.0 0.0 0.0 5.2e-05 0.0003 0.000116 0.0 0.0 4e-05 0.001244 0.000644 0.0 0.0 0.0 0.000448 0.0 0.0 0.0 0.0 0.0 0.0 0.0 0.0 0.0 0.0 0.0 4e-06 0.0 0.0 0.0 0.127252
0.524151898734 0.000949367088608 6.32911392405e-06 0.0 0.0158797468354 0.0437088607595 0.000183544303797 0.000151898734177 0.0 0.000253164556962 0.000126582278481 0.0 0.0 0.0 6.32911392405e-06 0.0 0.00167721518987 0.000139240506329 0.0 0.0 0.00601898734177 0.0906898734177 0.00142405063291 4.43037974684e-05 0.0 0.015082278481 0.0527341772152 0.000987341772152 0.0 0.0 0.000778481012658 0.00029746835443 1.89873417722e-05 0.0 0.0 0.0 6.32911392405e-06 0.00114556962025 6.32911392405e-05 0.0 0.0 0.000860759493671 0.0450632911392 0.00192405063291 0.0 0.0 0.00744303797468 0.0267911392405 0.0 0.0 0.0 0.0 6.32911392405e-06 1.89873417722e-05 6.32911392405e-06 0.0 0.0 6.32911392405e-06 0.00153797468354 0.00026582278481 0.0 0.0 0.000651898734177 0.158898734177
0.174 0.003584 0.0 0.0 0.120202666667 0.088112 0.000522666666667 0.0 9.06666666667e-05 0.0373226666667 0.00112 5.33333333333e-06 0.0 0.00196266666667 0.00984533333333 7.46666666667e-05 0.000954666666667 0.0024 0.0 0.0 0.005696 0.244853333333 0.00778133333333 1.6e-05 0.0 0.0816906666667 0.0312 0.000586666666667 0.0 0.000144 0.019504 0.00121066666667 0.0 0.0 0.0 0.0 6.93333333333e-05 0.00129066666667 0.000608 5.33333333333e-06 1.6e-05 0.001776 0.033376 0.00750933333333 0.0 0.0 0.0220373333333 0.0207306666667 0.0 0.0 0.0 0.0 0.0 0.0 2.13333333333e-05 0.0 0.0 3.73333333333e-05 0.0121706666667 0.000997333333333 0.0 1.06666666667e-05 0.00160533333333 0.0648586666667
0.208218666667 0.0321546666667 0.00418666666667 0.000522666666667 0.00733866666667 0.0347093333333 0.0110666666667 0.00284266666667 1.06666666667e-05 0.0181333333333 0.00498133333333 0.000325333333333 0.0 0.000117333333333 0.000576 6.4e-05 0.000165333333333 0.000645333333333 0.000394666666667 5.33333333333e-06 0.000181333333333 0.19928 0.0752213333333 0.0393866666667 0.0 0.00525333333333 0.0251626666667 0.0610506666667 0.0 0.00125333333333 0.034944 0.015952 0.0 0.0 0.0 0.0 0.0 0.00268266666667 0.005344 0.000992 0.0 0.00219733333333 0.109872 0.0325866666667 0.0 0.0 0.003312 0.0203733333333 0.0 0.0 0.0 0.0 0.0 0.0 0.0 0.0 0.0 0.0 0.00154133333333 0.000672 0.0 0.0 0.00186133333333 0.0344213333333
0.621204 0.0465 0.0007 1.6e-05 0.0 0.014148 0.0682 7.2e-05 0.0 0.0 0.020696 0.030924 0.0 0.0 0.0 0.003232 0.000168 0.000644 0.0 0.0 0.0 0.0067 0.005572 7.6e-05 0.0 0.0 0.029672 0.076364 0.0 0.0 0.0 0.041928 0.0 0.0 0.0 0.0 0.0 8e-06 1.6e-05 0.0 0.0 2.4e-05 0.00136 0.001608 0.0 0.0 1.6e-05 0.026556 0.0 0.0 0.0 0.0 0.0 0.0 0.0 0.0 0.0 0.0 0.0 0.0 0.0 0.0 0.0 0.003596
0.835189333333 0.113829333333 0.00372266666667 0.0 0.00334933333333 0.00838933333333 2.66666666667e-05 0.0 0.0 0.0 0.0 0.0 0.0 0.0 0.0 0.0 0.0122986666667 0.00382933333333 1.6e-05 0.0 0.007472 0.0116426666667 0.000181333333333 0.0 0.0 0.0 5.33333333333e-06 0.0 0.0 0.0 0.0 0.0 0.0 0.0 0.0 0.0 0.0 0.0 1.06666666667e-05 0.0 0.0 0.0 3.2e-05 5.33333333333e-06 0.0 0.0 0.0 0.0 0.0 0.0 0.0 0.0 0.0 0.0 0.0 0.0 0.0 0.0 0.0 0.0 0.0 0.0 0.0 0.0
0.122218666667 0.0119626666667 0.000266666666667 0.0 0.000272 0.0160746666667 0.001856 1.6e-05 0.0 0.0 5.33333333333e-06 5.33333333333e-06 0.0 0.0 0.0 0.0 0.000389333333333 0.000229333333333 0.0 0.0 0.000352 0.104101333333 0.026336 0.000117333333333 0.0 0.000517333333333 0.0283093333333 0.00192533333333 0.0 0.0 0.0 5.33333333333e-06 0.0 0.0 0.0 0.0 0.0 0.00454933333333 0.000752 4.8e-05 0.0 0.00461866666667 0.518357333333 0.0334986666667 0.0 0.0 0.000752 0.0229546666667 0.0 0.0 0.0 0.0 0.0 0.0 0.0 0.0 0.0 5.33333333333e-06 0.0246346666667 0.000730666666667 0.0 0.0 0.00956266666667 0.064576
0.0486550868486 0.136491315136 0.00283374689826 5.45905707196e-05 0.000595533498759 0.530377171216 0.0597965260546 0.00184615384615 0.000282878411911 0.00266004962779 0.00237220843672 0.0013300248139 4.96277915633e-06 9.42928039702e-05 0.000133995037221 9.92555831266e-05 0.0 0.0 0.0 0.0 4.96277915633e-06 0.0358064516129 0.120153846154 0.00127543424318 0.0 0.000114143920596 0.0224615384615 0.0187841191067 0.0 6.94789081886e-05 0.000248138957816 0.00155831265509 0.0 0.0 0.0 0.0 0.0 0.0 0.0 0.0 0.0 1.98511166253e-05 0.00159305210918 0.00497270471464 0.0 0.0 1.4888337469e-05 0.00439702233251 0.0 0.0 0.0 0.0 0.0 0.0 0.0 0.0 0.0 0.0 0.0 0.0 0.0 0.0 0.0 0.000898263027295
0.157108280255 0.0178662420382 1.27388535032e-05 0.0 0.0180382165605 0.0502547770701 0.00109554140127 0.0 0.0 0.000407643312102 0.00087898089172 0.0 0.0 0.0 0.0 0.0 0.00709554140127 0.0071974522293 3.82165605096e-05 0.0 0.0166624203822 0.235 0.0284840764331 6.36942675159e-06 0.000375796178344 0.0251210191083 0.0865031847134 0.00126751592357 0.0 0.0 0.00107643312102 0.00122292993631 1.27388535032e-05 1.91082802548e-05 0.0 0.0 0.00059872611465 0.0111464968153 0.00622292993631 0.0 0.000165605095541 0.0196369426752 0.16678343949 0.010898089172 0.0 0.000146496815287 0.00812101910828 0.0137324840764 0.0 0.0 0.0 0.0 6.36942675159e-06 3.1847133758e-05 5.09554140127e-05 0.0 0.0 0.000732484076433 0.00893630573248 0.00307643312102 0.0 9.55414012739e-05 0.0156178343949 0.0782547770701
0.443246987952 0.0567108433735 2.40963855422e-05 6.02409638554e-06 0.00750602409639 0.0454397590361 0.0 0.0 6.02409638554e-06 2.40963855422e-05 0.0 0.0 0.0 0.0 0.0 0.0 0.0191807228916 0.00253012048193 0.0 0.0 0.0259518072289 0.360301204819 0.000457831325301 0.0 1.20481927711e-05 0.000409638554217 6.6265060241e-05 0.0 0.0 0.0 0.0 0.0 0.0 0.0 0.0 0.0 0.0 0.0293253012048 0.00016265060241 0.0 0.0 0.00623493975904 0.00233734939759 0.0 0.0 0.0 0.0 0.0 0.0 0.0 0.0 0.0 0.0 0.0 0.0 0.0 0.0 0.0 2.40963855422e-05 0.0 0.0 0.0 4.21686746988e-05 0.0
0.330490666667 0.002624 1.6e-05 0.0 0.0245173333333 0.0333386666667 1.6e-05 0.0 0.0 3.73333333333e-05 0.0 0.0 0.0 0.0 0.0 0.0 0.000816 0.000618666666667 0.0 0.0 0.00248533333333 0.111141333333 0.003248 5.33333333333e-06 0.0 0.003968 0.006512 5.33333333333e-06 0.0 0.0 0.0 0.0 0.0 0.0 0.0 0.0 0.0 0.020304 0.000730666666667 0.0 0.0 0.0248373333333 0.225402666667 0.000592 0.0 0.0 0.000432 0.00106133333333 0.0 0.0 0.0 0.0 0.0 0.0 0.0 0.0 0.0 0.0 0.0347893333333 0.000848 0.0 0.0 0.00916266666667 0.162
0.510432432432 0.0166606606607 9.60960960961e-05 0.0 0.0635315315315 0.0737537537538 0.0014954954955 6.00600600601e-05 0.000114114114114 0.00591591591592 0.000828828828829 0.000126126126126 0.0 0.000114114114114 0.000972972972973 1.8018018018e-05 0.00306306306306 0.003003003003 0.0 0.0 0.00884084084084 0.159045045045 0.0082042042042 4.2042042042e-05 0.0 0.0174774774775 0.0111231231231 0.000576576576577 0.0 9.60960960961e-05 0.00177177177177 0.000222222222222 0.0 0.0 0.0 0.0 0.0 0.00258258258258 0.00138138138138 0.0 0.0 0.00735135135135 0.0446606606607 0.00136936936937 0.0 6.00600600601e-05 0.00677477477477 0.00165765765766 0.0 0.0 0.0 0.0 0.0 0.0 0.0 0.0 0.0 0.0 0.00334534534535 0.000546546546547 0.0 6.00600600601e-06 0.00673873873874 0.0359399399399
0.0209819277108 0.00540361445783 0.000102409638554 0.0 1.80722891566e-05 0.00446385542169 0.000210843373494 0.0 0.0 0.0 0.0 0.0 0.0 0.0 0.0 0.0 0.000289156626506 0.000475903614458 0.0 0.0 0.000132530120482 0.0295120481928 0.013313253012 0.0 0.0 6.02409638554e-06 0.00437951807229 8.43373493976e-05 0.0 0.0 0.0 6.02409638554e-06 0.0 0.0 0.0 0.0 0.132295180723 0.00401204819277 0.000295180722892 0.0 0.570915662651 0.0868493975904 0.0238674698795 0.0040843373494 0.0 0.0 1.80722891566e-05 0.000885542168675 0.0 0.0 0.0 0.0 0.0 0.0 0.0 0.0 0.0764518072289 0.00204819277108 0.0145421686747 0.000150602409639 1.20481927711e-05 1.80722891566e-05 0.000710843373494 0.00346385542169
0.137264 0.111716 0.024804 0.0 0.000232 0.001504 0.061668 2.4e-05 0.0 0.0 0.000312 4e-06 0.0 0.0 0.0 0.0 0.04052 0.001384 5.2e-05 0.0 0.062112 0.038132 0.060124 0.00262 0.0 0.000132 0.041664 0.085244 0.0 0.0 0.0 0.000764 0.0 0.0 0.0 0.0 0.008824 0.001656 0.001016 0.0 0.008092 0.004432 0.032996 0.005136 0.0 0.0 2.4e-05 0.012356 0.0 0.0 0.0 0.0 2.8e-05 0.0 0.0 0.0 0.013384 0.002224 0.00204 7.2e-05 0.032712 0.083724 0.059704 0.061304
0.39755026455 0.0279523809524 5.82010582011e-05 0.0 0.0235132275132 0.0790582010582 0.00527513227513 1.5873015873e-05 0.0 0.00482010582011 0.00875132275132 0.000862433862434 0.0 5.29100529101e-06 9.52380952381e-05 0.000888888888889 0.012328042328 0.000539682539683 2.1164021164e-05 0.0 0.0276402116402 0.0572433862434 0.0087619047619 4.7619047619e-05 2.1164021164e-05 0.00846031746032 0.0322380952381 0.00169312169312 0.0 1.0582010582e-05 0.00121164021164 0.00337566137566 2.6455026455e-05 1.0582010582e-05 0.0 0.0 0.00843386243386 0.0129735449735 8.46560846561e-05 0.0 0.00231216931217 0.0262804232804 0.0194920634921 0.002 0.0 2.6455026455e-05 0.00283597883598 0.00957671957672 0.0 0.0 0.0 0.0 0.0 3.1746031746e-05 0.0 0.0 0.00182010582011 0.191576719577 0.00409523809524 4.7619047619e-05 9.52380952381e-05 0.00540740740741 0.00579365079365 0.00464021164021
0.130691085992 0.00358181904898 0.000209853579434 0.0 0.000205084179902 0.000949110506987 0.00436400057233 0.0 0.0 0.0 0.0 0.000100157390185 0.0 0.0 0.0 0.00191252921257 0.0752897410216 0.00389659941813 8.58491915868e-05 0.0 0.037897648686 0.192278342157 0.0265464777984 0.0 0.0 0.0191300615253 0.109023703916 0.0125149043735 0.0 0.0 0.0206848857729 0.00896647112129 0.0 0.0 0.0 0.0 0.0 0.0114227118806 0.001316354271 4.7693995326e-06 0.0 0.00326703867983 0.1061191396 0.017704011065 0.0 0.0 0.0349644679735 0.020489340392 0.0 0.0 0.0 0.0 0.0 0.0 0.0 0.0 0.0 0.0 0.0402441932561 0.00112557828969 0.0 0.0 0.0457433109172 0.0692707588115
0.160516 0.067168 0.000316 0.0 4e-05 0.062412 0.003064 0.0 0.0 0.0 0.001876 0.0 0.0 0.0 0.0 0.0 0.000772 0.006456 0.000212 4e-05 8.4e-05 0.066632 0.03744 0.000172 0.0 0.000584 0.058496 0.009736 0.0 0.0 1.2e-05 0.001688 0.0 0.0 0.0 0.0 0.0 0.000132 0.00018 4e-06 0.0 0.00058 0.025128 0.063136 0.0 4e-06 0.001104 0.126464 0.0 0.0 0.0 0.0 0.0 0.0 0.0 0.0 0.0 0.0 4e-06 8e-06 0.0 0.0 0.000124 0.305416
0.31624 0.108152 0.000148 0.0 0.0 0.010284 0.004444 0.0 0.0 0.0 3.2e-05 4e-06 0.0 0.0 0.0 0.0 0.162612 0.010628 8e-06 0.0 3.2e-05 0.034324 0.04848 8e-06 0.0 0.0 0.013608 0.006468 0.0 0.0 0.0 0.000208 0.034832 0.00382 4e-06 0.0 0.010444 0.084984 0.000512 0.0 0.0 0.02432 0.013336 0.024964 0.0 0.0 4e-06 0.018816 0.0 0.0 0.0 0.0 0.0 0.004472 0.0 0.0 0.0 0.023992 0.0235 1.2e-05 0.0 0.0 0.001832 0.014476
0.0128228228228 0.00927927927928 0.0187627627628 0.00196996996997 0.0010990990991 0.041957957958 0.0143603603604 0.0118798798799 0.0 1.8018018018e-05 4.2042042042e-05 0.000138138138138 0.0 0.0 0.0 0.0 0.000102102102102 6.00600600601e-05 0.0 1.2012012012e-05 0.000144144144144 0.157597597598 0.11160960961 0.0142042042042 0.0 0.00423423423423 0.397645645646 0.0374834834835 0.0 0.0 0.0 2.4024024024e-05 0.0 0.0 0.0 0.0 0.0 0.0 0.000102102102102 0.0 0.0 6.00600600601e-06 0.081021021021 0.0513693693694 0.0 0.0 0.0 0.0243123123123 0.0 0.0 0.0 0.0 0.0 0.0 0.0 0.0 0.0 0.0 0.0 4.2042042042e-05 0.0 0.0 0.0 0.0076996996997
0.0812533333333 0.00329066666667 8e-05 5.33333333333e-06 0.018544 0.0968693333333 0.00834666666667 0.000250666666667 0.000298666666667 0.0485493333333 0.0496 0.007056 0.0 1.6e-05 0.00421333333333 0.00782933333333 0.00248533333333 0.000272 5.33333333333e-06 0.0 0.00353066666667 0.107914666667 0.0127253333333 3.2e-05 0.000346666666667 0.01992 0.0702826666667 0.00260266666667 0.0 0.000282666666667 0.00887466666667 0.0140053333333 3.73333333333e-05 1.06666666667e-05 0.0 0.0 0.000613333333333 0.00130133333333 0.000117333333333 5.33333333333e-06 0.000133333333333 0.00540266666667 0.059792 0.00162666666667 0.0 0.000261333333333 0.00429333333333 0.006048 0.0 0.0 0.0 0.0 8e-05 1.6e-05 0.0 0.0 3.73333333333e-05 0.000896 0.004896 0.000112 0.0 0.000144 0.012672 0.332021333333
0.030472 0.066548 0.006208 0.0 0.001416 0.030756 0.01416 0.0 0.0 4.8e-05 0.001976 0.0002 0.0 0.0 0.0 4e-06 0.00082 0.000572 0.00028 0.0 0.00608 0.027252 0.08242 0.00332 0.0 0.005656 0.096568 0.03384 0.0 0.0 0.000216 0.002148 0.0 0.0 0.0 0.0 0.0 3.2e-05 0.0 0.0 0.0 0.002356 0.01972 0.087976 0.0 0.0 0.000268 0.3084 0.0 0.0 0.0 0.0 0.0 0.0 0.0 0.0 0.0 0.0 0.0 0.0 0.0 0.0 0.0 0.170288
0.18996 0.077464 0.0 0.0 0.0 0.001608 8e-06 0.0 0.0 0.0 0.0 0.0 0.0 0.0 0.0 0.0 0.0 0.00082 0.0 0.0 0.0 0.016472 0.029104 0.0 0.0 0.0 0.065532 0.002912 0.0 0.0 0.0 0.0 0.0 0.0 0.0 0.0 0.0 0.0 0.0 0.0 0.0 0.0 0.021924 0.064424 0.0 0.0 0.0 0.361512 0.0 0.0 0.0 0.0 0.0 0.0 0.0 0.0 0.0 0.0 0.0 0.0 0.0 0.0 0.0 0.16826
0.497797333333 0.06272 0.025552 0.00808 0.000410666666667 0.00752 0.00656533333333 0.0112426666667 0.0 0.0 0.000506666666667 0.0154986666667 0.0 0.0 0.0 0.0373973333333 0.00520533333333 0.015584 0.00168533333333 0.001984 0.001824 0.115568 0.0485386666667 0.00707733333333 0.0 4.26666666667e-05 0.00696 0.0169653333333 0.0 0.0 0.0 0.0101333333333 0.0 0.0 1.6e-05 0.0 0.0 0.00186666666667 0.00281066666667 0.000405333333333 0.0 0.000912 0.0220266666667 0.035648 0.0 0.0 1.6e-05 0.006608 0.0 0.0 0.0 0.0 0.0 0.0 5.33333333333e-06 2.13333333333e-05 0.0 0.0 0.00393066666667 0.00267733333333 0.0 0.0 0.000144 0.0180533333333
0.00734519572954 0.00017793594306 0.0 0.0 2.84697508897e-05 0.000256227758007 0.000106761565836 0.0 0.0 0.0 1.42348754448e-05 4.98220640569e-05 0.0 0.0 0.0 0.0 0.00829181494662 7.11743772242e-06 0.0 0.0 0.043793594306 0.278056939502 0.000362989323843 0.0 0.0 2.13523131673e-05 0.000341637010676 3.55871886121e-05 0.0 0.0 0.0 0.000120996441281 0.0 0.0 0.0 0.0 0.0 0.54 5.69395017794e-05 0.0 0.0 0.0458220640569 0.0451245551601 0.00103914590747 0.0 0.0 0.00023487544484 0.00125978647687 0.0 0.0 0.0 0.0 0.0 0.0 0.0 0.0 0.0 0.0 0.000953736654804 0.000170818505338 0.0 0.0 0.000861209964413 0.0254661921708
0.256730666667 0.03584 0.00016 0.0 0.00192533333333 0.00895466666667 0.00110933333333 0.0 0.0 0.0 0.0 0.0 0.0 0.0 0.0 0.0 0.02296 0.004576 5.86666666667e-05 0.0 0.02432 0.141685333333 0.0185333333333 0.000101333333333 5.33333333333e-06 0.00114666666667 0.00865066666667 0.000277333333333 0.0 0.0 0.0 0.0 6.4e-05 5.33333333333e-06 0.0 0.0 2.66666666667e-05 0.0424213333333 0.005504 4.8e-05 1.06666666667e-05 0.0183733333333 0.125290666667 0.0172426666667 0.0 0.0 0.000368 0.0267413333333 0.0 0.0 0.0 0.0 0.0 0.0 0.0 0.0 0.0 0.0 0.0282026666667 0.000666666666667 0.0 0.0 0.0217066666667 0.186293333333
0.092848 0.080268 0.000392 0.0 0.000168 0.049576 0.019984 6.4e-05 0.0 0.0 8.4e-05 9.2e-05 0.0 0.0 0.0 0.0 0.0 0.000636 0.0 0.0 7.2e-05 0.033708 0.10228 0.000392 1.6e-05 0.000184 0.138312 0.03256 0.0 0.0 0.0 0.000364 0.0 0.0 0.0 0.0 0.0 0.0 4e-06 0.0 0.0 8.4e-05 0.04706 0.109612 0.0 1.6e-05 0.000104 0.132284 0.0 0.0 0.0 0.0 0.0 0.0 0.0 0.0 0.0 0.0 0.0 0.0 0.0 0.0 4.4e-05 0.158792
0.0972872928177 0.00739779005525 0.000182320441989 0.0 0.00017679558011 0.00390055248619 7.18232044199e-05 3.86740331492e-05 0.0 0.0 0.0 0.0 0.0 0.0 0.0 0.0 0.0022320441989 0.00180662983425 4.97237569061e-05 0.0 0.000364640883978 0.166917127072 0.0101436464088 1.65745856354e-05 0.0 0.00126519337017 0.0145524861878 0.0 0.0 0.0 0.0 0.0 0.0 0.0 0.0 0.0 0.0 0.00411049723757 0.0018729281768 1.65745856354e-05 0.0 0.000779005524862 0.567629834254 0.0135580110497 0.0 0.0 0.00186740331492 0.0103149171271 0.0 0.0 0.0 0.0 0.0 0.0 0.0 0.0 0.0 0.0 0.0186850828729 0.00366850828729 0.0 0.0 0.00942541436464 0.0616685082873
0.0972266666667 0.000554666666667 0.0 0.0 0.158442666667 0.1776 0.001008 0.0 1.06666666667e-05 0.025568 0.0115946666667 0.00117866666667 0.0 0.0 0.000181333333333 0.00149866666667 0.000394666666667 0.00024 0.0 0.0 0.012736 0.0965653333333 0.00142933333333 0.0 4.26666666667e-05 0.0806666666667 0.0736213333333 0.00159466666667 0.0 5.33333333333e-06 0.00545066666667 0.00366933333333 0.0 5.33333333333e-06 0.0 0.0 0.0 0.000698666666667 0.000501333333333 0.0 0.0 0.00270933333333 0.0322186666667 0.000853333333333 0.0 2.13333333333e-05 0.012736 0.008928 0.0 0.0 0.0 0.0 0.0 0.0 5.33333333333e-06 0.0 0.0 0.0 0.000784 0.000512 0.0 0.0 0.00275733333333 0.185989333333
0.370438438438 0.0189249249249 0.000732732732733 0.000378378378378 0.0415195195195 0.116066066066 0.00637837837838 0.00157357357357 2.4024024024e-05 0.0207867867868 0.00972372372372 0.000432432432432 0.0 0.0 0.00118318318318 0.000168168168168 0.00711711711712 0.000582582582583 7.80780780781e-05 1.2012012012e-05 0.011027027027 0.0362282282282 0.0133393393393 0.00024024024024 0.0 0.00963363363363 0.0516276276276 0.00181981981982 0.0 0.0 0.0142462462462 0.00891291291291 0.0 0.0 0.0 6.00600600601e-06 0.00170570570571 0.00551351351351 0.000546546546547 8.40840840841e-05 0.000108108108108 0.00711111111111 0.0711231231231 0.00771171171171 0.0 0.0 0.00237237237237 0.03196996997 0.0 0.0 0.0 0.0 0.0 0.0 0.0 0.0 0.0 6.60660660661e-05 0.00194594594595 8.40840840841e-05 0.0 7.20720720721e-05 0.00110510510511 0.125279279279
0.0292260536398 0.00023754789272 0.0 0.0 0.0390268199234 6.89655172414e-05 3.83141762452e-05 0.0 0.0 0.0 0.0 7.66283524904e-06 0.0 0.0 0.0 0.0 0.0264980842912 0.00797701149425 0.00145593869732 0.0 0.308873563218 0.163440613027 0.00331800766284 0.0 0.0 8.42911877395e-05 0.000727969348659 0.0 0.0 0.0 0.0 0.0 0.0 0.0 0.0 0.0 0.0 0.00309578544061 0.000421455938697 0.0 0.0 0.231570881226 0.0742298850575 0.000176245210728 0.0 0.0 0.0 3.83141762452e-05 0.0 0.0 0.0 0.0 0.0 0.0 0.0 0.0 0.0 0.0518007662835 0.0556091954023 0.000107279693487 0.0 0.0 2.29885057471e-05 0.00194636015326
0.176636085627 1.83486238532e-05 0.0 0.0 0.00389602446483 0.000440366972477 0.0 0.0 0.0 0.0 0.0 0.0 0.0 0.0 0.0 0.0 0.0768501529052 0.0 0.0 0.0 0.0409908256881 0.547645259939 0.000159021406728 0.0 0.0 0.0034006116208 0.00191437308869 0.0 0.0 0.0 0.0 0.0 0.0 0.0 0.0 0.0 0.0 0.0318899082569 0.0 0.0 0.0 0.00888685015291 0.0759266055046 6.72782874618e-05 0.0 0.0 0.000440366972477 0.00310091743119 0.0 0.0 0.0 0.0 0.0 0.0 0.0 0.0 0.0 0.0 0.000446483180428 1.22324159021e-05 0.0 0.0 0.00051376146789 0.0267645259939
0.0948795180723 0.0211445783133 0.0031686746988 0.000927710843373 0.00140963855422 0.0157228915663 0.0014156626506 0.00187951807229 0.0 4.21686746988e-05 0.000222891566265 2.40963855422e-05 0.0 0.0 0.0 0.0 0.00175903614458 0.00211445783133 9.63855421687e-05 0.000114457831325 0.00503012048193 0.0571265060241 0.0315602409639 0.00388554216867 0.00021686746988 0.000957831325301 0.0163855421687 0.00446385542169 0.0 0.0 0.0 0.000210843373494 0.0 0.0 0.0 0.0 0.000331325301205 0.00156626506024 0.001 6.02409638554e-05 0.000831325301205 0.00436144578313 0.33628313253 0.045 0.0 2.40963855422e-05 0.000259036144578 0.0130963855422 0.0 0.0 0.0 0.0 0.0 6.02409638554e-06 0.0 0.0 8.43373493976e-05 0.00066265060241 0.0744277108434 0.0050421686747 0.0 0.000246987951807 0.0139096385542 0.238048192771
0.324624 0.018384 0.00112 5.33333333333e-06 0.00812266666667 0.0139306666667 5.33333333333e-05 1.06666666667e-05 0.0 0.0 1.06666666667e-05 0.0 0.0 0.0 0.0 0.0 0.0312053333333 0.00166933333333 5.33333333333e-05 0.0 0.0388106666667 0.145018666667 0.00537066666667 6.4e-05 0.0 0.003088 0.00432 9.06666666667e-05 0.0 0.0 0.0 0.0 0.0 0.0 0.0 0.0 0.029792 0.0146826666667 0.000656 5.33333333333e-06 0.00297066666667 0.0326933333333 0.0539893333333 0.00393066666667 0.0 0.0 0.00142933333333 0.00185066666667 0.0 0.0 0.0 0.0 0.000325333333333 0.0 0.0 0.0 0.00512533333333 0.0520533333333 0.0161813333333 0.000341333333333 0.0 4.8e-05 0.0501866666667 0.137786666667
0.0498823529412 0.0 0.0 0.0 0.0 0.0 0.0 0.0 0.0 0.0 0.0 0.0 0.0 0.0 0.0 0.0 0.0266844919786 0.000106951871658 0.0 0.0 0.0151069518717 0.00930481283422 0.0 0.0 0.0 2.13903743316e-05 2.67379679144e-05 0.0 0.0 0.0 0.0 0.0 0.0 0.0 0.0 0.0 0.00288235294118 0.0393048128342 0.0 0.0 0.0 0.16122459893 0.113967914439 0.0 0.0 0.0 0.0 0.0 0.0 0.0 0.0 0.0 0.0 0.0 0.0 0.0 0.0 0.0524973262032 0.528197860963 0.0 0.0 0.0 0.000791443850267 0.0
0.185056 0.0357653333333 0.0 0.0 0.0690453333333 0.0804533333333 0.001136 5.33333333333e-06 0.0 0.00249066666667 0.00433066666667 0.000117333333333 0.0 0.0 0.000256 8.53333333333e-05 0.00541866666667 0.000874666666667 0.0 0.0 0.02136 0.157509333333 0.00323733333333 0.0 3.2e-05 0.0116266666667 0.0192 0.000848 0.0 0.0 0.000885333333333 0.00250133333333 1.06666666667e-05 1.06666666667e-05 0.0 0.0 0.000602666666667 0.0221973333333 0.000426666666667 0.0 7.46666666667e-05 0.042096 0.0422773333333 0.00349866666667 0.0 0.0 0.00270933333333 0.0114453333333 0.0 0.0 0.0 0.0 0.0 0.000186666666667 1.06666666667e-05 0.0 0.0 0.0210666666667 0.038704 0.00024 0.0 0.000304 0.162442666667 0.0494613333333
0.115932 0.129656 0.000924 0.0 0.0 0.02 0.01104 1.2e-05 0.0 0.0 0.0 0.0 0.0 0.0 0.0 0.0 0.017124 0.0025 0.0 0.0 0.017668 0.033872 0.058804 0.00242 0.0 0.00032 0.014788 0.046476 0.0 0.0 0.0 0.0 0.0 0.0 0.0 0.0 0.00022 0.068448 0.000104 0.0 0.0 0.128736 0.05784 0.00774 0.0 0.0 0.000236 0.007004 0.0 0.0 0.0 0.0 0.0 0.0 0.0 0.0 0.0 0.009736 0.093564 1.2e-05 0.0 0.0 0.019836 0.134988
0.330216216216 0.0317417417417 0.0 0.0 0.0108888888889 0.171501501502 0.00583783783784 0.0 0.0 0.000702702702703 0.00131531531532 0.000132132132132 0.0 0.0 0.0 0.0 0.0 6.00600600601e-06 0.0 0.0 2.4024024024e-05 0.0667807807808 0.0142402402402 0.0 0.0 0.00614414414414 0.080954954955 0.0043963963964 0.0 6.00600600601e-06 0.00263063063063 0.00152552552553 0.0 0.0 0.0 0.0 0.0 0.0 0.0 0.0 0.0 6.60660660661e-05 0.013027027027 0.00696096096096 0.0 6.00600600601e-06 0.00963963963964 0.114738738739 0.0 0.0 0.0 0.0 0.0 0.0 0.0 0.0 0.0 0.000246246246246 2.4024024024e-05 0.0 0.0 0.000828828828829 0.00186186186186 0.123555555556
0.175851851852 0.0133975308642 0.000177777777778 0.0 0.0100197530864 0.029975308642 0.00188148148148 1.97530864198e-05 4.93827160494e-06 0.000271604938272 6.41975308642e-05 2.46913580247e-05 0.0 0.0 0.0 0.0 0.0123703703704 0.0036049382716 9.87654320988e-06 0.0 0.00953086419753 0.175565432099 0.0273037037037 0.000123456790123 0.0 0.0226222222222 0.0329679012346 0.00204444444444 0.0 0.0 0.0 1.97530864198e-05 0.000261728395062 1.97530864198e-05 0.0 0.0 0.00244444444444 0.0139209876543 0.00513086419753 1.48148148148e-05 4.93827160494e-05 0.0081975308642 0.38495308642 0.0125481481481 0.0 0.0 0.0020987654321 0.00866172839506 0.0 0.0 0.0 0.0 0.000133333333333 0.000207407407407 4.93827160494e-06 0.0 0.000167901234568 0.00173827160494 0.00176790123457 0.000577777777778 0.0 0.000162962962963 0.000987654320988 0.0380987654321
0.241773462783 0.0147378640777 0.000135922330097 6.47249190939e-06 0.0203171521036 0.0662977346278 0.00794822006472 5.17799352751e-05 0.00053074433657 0.0990614886731 0.0653333333333 0.00203236245955 0.0 0.0036569579288 0.0397346278317 0.00603236245955 0.000653721682848 0.000640776699029 0.00010355987055 0.00011003236246 0.0010355987055 0.0347637540453 0.0120647249191 9.70873786408e-05 0.0 0.0249579288026 0.0987313915858 0.0112686084142 0.0 0.000478964401294 0.0986860841424 0.0565825242718 0.0 0.0 2.58899676375e-05 0.000252427184466 0.0 0.000187702265372 0.000122977346278 0.000440129449838 0.0 0.00084142394822 0.0206084142395 0.00776699029126 0.0 0.0 0.010213592233 0.0278705501618 0.0 0.0 0.0 0.000122977346278 0.0 0.0 0.0 0.000776699029126 0.0 0.0 9.06148867314e-05 0.00130097087379 0.0 0.0 0.000362459546926 0.0211909385113
0.0365546666667 0.0124533333333 0.0 0.0 0.021968 0.1572 0.000661333333333 0.0 1.6e-05 0.0794133333333 0.0324053333333 5.33333333333e-06 0.0 0.0 0.00524266666667 3.73333333333e-05 3.73333333333e-05 0.0 0.0 0.0 0.00104 0.100624 0.0124 0.0 0.000314666666667 0.0963253333333 0.216421333333 0.000394666666667 0.0 0.0 0.0175573333333 0.00822933333333 0.0 0.0 0.0 0.0 0.0 0.000122666666667 5.33333333333e-06 0.0 0.0 0.0131466666667 0.128453333333 0.00422933333333 0.0 9.06666666667e-05 0.0109706666667 0.0164426666667 0.0 0.0 0.0 0.0 0.0 0.0 0.0 0.0 0.0 0.0 2.13333333333e-05 0.0 0.0 0.0 0.000224 0.026992
0.00731531531532 0.00045045045045 0.0 0.0 0.0 4.2042042042e-05 0.0 0.0 0.0 0.0 0.0 0.0 0.0 0.0 0.0 0.0 0.00574774774775 0.00284684684685 0.0 0.0 7.80780780781e-05 0.0857057057057 0.00332132132132 0.0 0.0 0.0 0.000432432432432 2.4024024024e-05 0.0 0.0 0.0 0.0 0.0 0.0 0.0 0.0 0.0 0.0411591591592 0.0315615615616 0.0 0.0 9.00900900901e-05 0.448618618619 0.215543543544 0.0 0.0 0.0 0.0926366366366 0.0 0.0 0.0 0.0 0.0 0.0 0.0 0.0 0.0 0.0 0.0107267267267 0.0119099099099 0.0 0.0 0.0 0.0417897897898
0.116051779935 0.00783171521036 9.70873786408e-05 0.0 0.00491262135922 0.515533980583 0.0011067961165 0.0 0.0 0.0176634304207 0.00146278317152 0.000323624595469 0.0 0.0 0.000226537216828 0.000291262135922 0.0162588996764 0.00139805825243 1.94174757282e-05 0.0 0.00561165048544 0.0959417475728 0.0102330097087 7.11974110032e-05 0.000802588996764 0.037067961165 0.0151779935275 0.000291262135922 6.47249190939e-06 1.94174757282e-05 0.00104207119741 0.00536569579288 0.00113915857605 0.0 0.0 0.0 0.00660841423948 0.0128737864078 0.0010355987055 0.0 0.000291262135922 0.0185825242718 0.0258640776699 0.00253074433657 1.94174757282e-05 0.000122977346278 0.000796116504854 0.00401941747573 0.0 0.0 0.0 0.0 0.000116504854369 0.000142394822006 0.0 0.0 7.11974110032e-05 0.00268608414239 0.00488025889968 0.000699029126214 0.0 6.47249190939e-05 0.00277022653722 0.0598770226537
0.0844683840749 0.00595316159251 0.0 0.0 0.000355971896956 0.0110585480094 0.000187353629977 0.0 0.0 0.0 0.000426229508197 0.0 0.0 0.0 0.0 0.0 0.0155503512881 0.00105386416862 0.0 0.0 0.0139344262295 0.102805620609 0.00590632318501 0.0 0.0 0.000824355971897 0.0100046838407 4.68384074941e-06 0.0 0.0 0.0 0.0 0.00110538641686 9.36768149883e-06 0.0 0.0 0.00234660421546 0.0134332552693 0.000215456674473 0.0 4.68384074941e-06 0.0134566744731 0.0309461358314 0.000126463700234 0.0 0.0 0.000234192037471 8.43091334895e-05 0.0 0.0 0.0 0.0 9.36768149883e-06 0.000421545667447 0.0 0.0 0.0 0.00227166276347 0.0665433255269 0.0 0.0 0.0 0.485358313817 0.130899297424
0.087943231441 0.00646288209607 1.31004366812e-05 0.0 0.148419213974 0.0938995633188 0.00157205240175 8.73362445415e-06 4.36681222707e-06 0.0212008733624 0.00127074235808 5.6768558952e-05 0.0 4.36681222707e-06 0.000484716157205 0.0 0.000593886462882 4.36681222707e-05 0.0 0.0 0.00940611353712 0.278113537118 0.0126288209607 0.0 0.0 0.0620087336245 0.0541746724891 0.00131441048035 0.0 0.0 0.00276855895197 0.000257641921397 0.0 0.0 0.0 0.0 0.0 0.03603930131 0.00064192139738 0.0 0.0 0.00889956331878 0.0693187772926 0.012576419214 0.0 0.0 0.0193318777293 0.0294017467249 0.0 0.0 0.0 0.0 0.0 0.0 0.0 0.0 0.0 0.0 6.98689956332e-05 1.31004366812e-05 0.0 0.0 0.000663755458515 0.0403930131004
0.00343466666667 0.000394666666667 4.26666666667e-05 0.0 0.000144 0.000421333333333 8.53333333333e-05 0.0 0.0 4.26666666667e-05 1.06666666667e-05 0.0 0.0 0.0 0.0 0.0 0.00698666666667 0.000757333333333 0.000576 0.0 0.00435733333333 0.0154506666667 0.00229866666667 0.0 0.000314666666667 0.000826666666667 0.00272533333333 0.0 0.0 0.0 0.0 0.0 3.2e-05 0.0 0.0 0.0 0.00216533333333 0.002816 0.00109333333333 9.06666666667e-05 4.8e-05 0.000682666666667 0.919173333333 0.014544 0.0 0.0 0.000522666666667 0.00791466666667 0.0 0.0 0.0 0.0 0.0 0.0 0.0 1.06666666667e-05 0.0 1.06666666667e-05 0.00275733333333 0.000757333333333 0.0 0.0 0.000501333333333 0.00801066666667
0.0520332409972 0.0143601108033 0.00015512465374 0.0 0.0254349030471 0.0140664819945 0.000443213296399 0.0 3.32409972299e-05 0.000925207756233 0.00014404432133 2.77008310249e-05 0.0 0.0 1.108033241e-05 0.000227146814404 0.00998891966759 0.0196011080332 0.000415512465374 0.0 0.0112797783934 0.193806094183 0.0355235457064 0.000116343490305 0.000337950138504 0.0504376731302 0.0148421052632 0.000415512465374 0.0 0.0 2.21606648199e-05 9.97229916898e-05 4.43213296399e-05 8.86426592798e-05 0.0 0.0 0.000138504155125 0.0418448753463 0.0535734072022 0.000277008310249 5.54016620499e-05 0.0843767313019 0.246376731302 0.0248864265928 0.0 4.43213296399e-05 0.00165096952909 0.00234903047091 0.0 0.0 0.0 0.0 0.0 8.86426592798e-05 7.75623268698e-05 5.54016620499e-06 0.0 0.000537396121884 0.0328088642659 0.0246980609418 0.0 2.77008310249e-05 0.00879778393352 0.0325041551247
